9 1 17 8
10 1 17 8
12 1 17 11
13 1 17 11
15 17 17 14
16 17 17 14
19 15 17 18
20 15 17 18
32 14 17 31
33 14 17 31
36 3 17 35
37 3 17 35
41 16 17 40
42 16 17 40
49 13 17 48
50 13 17 48
55 13 17 54
56 13 17 54
58 17 17 57
59 17 17 57
66 13 17 65
67 13 17 65
70 10 17 69
71 10 17 69
80 14 17 79
81 14 17 79
84 11 17 83
85 11 17 83
89 16 17 88
90 16 17 88
94 14 17 93
95 14 17 93
97 16 17 96
98 16 17 96
100 5 17 99
101 5 7 99
103 17 17 102
104 17 17 102
113 15 17 112
114 15 17 112
116 16 17 115
117 16 17 115
119 7 17 118
120 7 17 118
122 12 17 121
123 12 17 121
125 10 17 124
126 10 17 124
128 12 17 127
129 12 17 127
136 5 17 135
137 5 17 135
139 12 17 138
140 12 17 138
145 13 17 144
146 13 17 144
149 15 17 148
150 15 17 148
152 12 17 151
153 12 17 151
160 14 16 159
161 14 17 159
169 14 17 168
170 14 17 168
172 14 17 171
173 14 17 171
175 16 17 174
176 16 17 174
181 17 17 180
182 17 17 180
201 16 17 200
202 16 17 200
208 9 17 207
209 9 17 207
213 13 17 212
214 13 17 212
217 13 17 216
218 13 17 216
227 15 17 226
228 15 17 226
230 16 17 229
231 16 17 229
234 13 17 233
235 13 17 233
237 11 17 236
238 11 17 236
240 17 17 239
241 17 17 239
246 14 17 245
247 14 17 245
253 14 17 252
254 14 17 252
256 16 17 255
257 16 17 255
261 7 17 260
262 7 17 260
264 10 17 263
265 10 17 263
268 15 17 267
269 15 17 267
271 13 17 270
272 13 17 270
274 11 17 273
275 11 17 273
277 14 17 276
278 14 17 276
283 9 17 282
284 9 17 282
286 12 17 285
287 12 17 285
289 13 17 288
290 13 17 288
295 16 17 294
296 16 17 294
298 15 17 297
299 15 17 297
304 11 17 303
305 11 17 303
308 8 17 307
309 8 17 307
311 12 17 310
312 12 17 310
315 7 17 314
316 7 17 314
320 15 17 319
321 15 17 319
323 14 17 322
324 14 17 322
326 17 17 325
327 17 17 325
330 14 17 329
331 14 17 329
335 16 17 334
336 16 17 334
339 14 17 338
340 14 17 338
342 13 17 341
343 13 17 341
358 11 17 357
359 11 16 357
361 5 17 360
362 5 17 360
364 15 17 363
365 15 17 363
367 13 17 366
368 13 17 366
373 16 17 372
374 16 17 372
378 12 17 377
379 12 17 377
387 3 17 386
388 3 17 386
396 9 17 395
397 9 17 395
399 8 17 398
400 8 17 398
412 8 17 411
413 8 17 411
415 10 17 414
416 10 17 414
421 7 17 420
422 7 17 420
424 17 17 423
425 17 17 423
430 14 17 429
431 14 17 429
441 7 17 440
442 7 17 440
444 12 17 443
445 12 17 443
447 8 17 446
448 8 17 446
451 16 17 450
452 16 17 450
455 12 17 454
456 12 17 454
459 16 17 458
460 16 17 458
463 15 17 462
464 15 17 462
467 14 17 466
468 14 17 466
489 11 17 488
490 11 17 488
492 12 17 491
493 12 17 491
495 17 17 494
496 17 17 494
506 14 17 505
507 14 17 505
517 2 17 516
518 2 17 516
521 4 17 520
522 4 17 520
525 3 17 524
526 3 17 524
528 10 17 527
529 10 17 527
556 10 17 555
557 10 17 555
